1529.0
1499.0
1510.0
1530.5
1439.5
1534.5
1516.0
1473.0
1503.0
1486.0
1514.5
1507.5
1525.0
1460.0
1558.5
1562.5
1495.0
1511.0
1527.5
1507.0
1506.0
1498.0
1517.0
1471.0
1478.0
1588.0
1513.5
1506.5
1534.5
1487.5
1497.0
1539.5
1494.0
1486.5
1509.0
1544.0
1517.5
1559.0
1419.0
1499.0
1506.0
1471.0
1494.0
1541.5
1488.5
1505.5
1528.5
1540.0
1486.5
1501.5
1522.5
1505.5
1501.5
1574.5
1488.0
1540.0
1522.0
1496.5
1521.5
1458.0
1506.5
1498.5
1587.5
1489.0
1500.0
1525.0
1505.5
1531.0
1529.5
1526.0
1487.0
1453.0
1567.5
1519.0
1469.0
1542.0
1459.0
1500.0
1450.0
1504.0
1640.5
1517.0
1581.5
1470.0
1530.0
1513.0
1508.0
1493.5
1510.5
1551.5
1471.0
1488.5
1509.0
1493.0
1543.5
1505.0
1531.0
1496.0
1542.0
1501.0
1486.5
1461.0
1535.5
1490.5
